[masses]
Co0Ar0 = 0.0
Co0Ar1 = 39.9
Co0Ar2 = 79.8
Co0Ar3 = 119.69999999999999
Co0Ar4 = 159.6
Co0Ar5 = 199.5
Co0Ar6 = 239.39999999999998
Co0Ar7 = 279.3
Co0Ar8 = 319.2
Co0Ar9 = 359.09999999999997
Co0Ar10 = 399.0
Co0Ar11 = 438.9
Co0Ar12 = 478.79999999999995
Co0Ar13 = 518.6999999999999
Co0Ar14 = 558.6
Co0Ar15 = 598.5
Co0Ar16 = 638.4
Co0Ar17 = 678.3
Co0Ar18 = 718.1999999999999
Co0Ar19 = 758.1
Co0Ar20 = 798.0
Co0Ar21 = 837.9
Co0Ar22 = 877.8
Co0Ar23 = 917.6999999999999
Co0Ar24 = 957.5999999999999
Co0Ar25 = 997.5

[general]
elements = Co Ar
max_count = 0           0 
	 1         2 5 
	 N a m e :   m a x   c o u n t ,   d t y p e :   i n t 6 4

